['tabu_python.py', '-i', 'data\\I_1_5_20_0.txt', '-c', 'configs\\sw-all_ef-all_div_logtabu.txt']
--------------- CONFIG ---------------
AVEC_DIVERSIFICATION :  1
FLAG_SWAP_BOTH :  1
FLAG_SWAP_SEQ :  1
FLAG_SWAP_BATCH :  1
FLAG_EBSR_BOTH :  0
FLAG_EBSR_SEQ :  0
FLAG_EBSR_BATCH :  0
FLAG_EFSR_BOTH :  1
FLAG_EFSR_SEQ :  1
FLAG_EFSR_BATCH :  1
FLAG_2OPT :  0
FLAG_FIRST_IMPROVE :  0
TABOU_LOGIQUE :  1
--------------------------------------
val_best_sol=8802:[[2, 19, 5, 4, 12, 10, 3, 1, 0, 8, 6, 17, 13, 14, 11, 16, 15, 7, 9, 18], [[2, 19], [5, 4], [12, 10], [3, 1], [0, 8], [6, 17], [13, 14], [11, 16], [15, 7], [9, 18]]]
7984
	7984
7538
	7538
7128
	7128
6938
	6938
6867
	6867
6785
	6785
6727
	6727
6672
	6672
6624
	6624
6610
	6610
6594
	6594
6520
	6520
6514
	6514
6514
6514
6514
6514
6514
6514
6514
6514
6514
6514
6514
6514
*** on diversifie ***
18746
6514
6514
6514
6514
6514
6514
6514
6514
6514
6514
6514
*** on diversifie ***
18746
6514
6514
6514
6514
6514
6514
6514
6514
6514
6514
6514
*** on diversifie ***
18746
6514
6514
6514
6514
6514
6514
6514
6514
6514
6514
6514
*** on diversifie ***
18746
6514
6514
6514
6514
6514
6514
6514
6514
6514
6514
6514
*** on diversifie ***
18746
6514
6514
6514
6514
6514
6514
6514
6514
6514
6514
6514
*** on diversifie ***
18746
6514
6514
6514
6514
6514
6514
6514
6514
6514
6514
6514
*** on diversifie ***
18746
6514
6514
6514
6514
6514
6514
6514
6514
6514
6514
6514
*** on diversifie ***
18746
6514
6514
6514
6514
6514
6514
6514
6514
6514
6514
6514
*** on diversifie ***
18746
6514
6514
6514
6514
6514
6514
6514
6514
6514
6514
6514
*** on diversifie ***
18746
6514
6514
6514
6514
6514
6514
6514
6514
6514
6514
6514
*** on diversifie ***
18746
6514
6514
6514
6514
6514
6514
6514
6514
6514
6514
6514
*** on diversifie ***
18746
6514
6514
6514
6514
6514
6514
6514
6514
6514
6514
6514
*** on diversifie ***
18746
6514
6514
6514
6514
6514
6514
6514
6514
6514
6514
6514
*** on diversifie ***
18746
6514
6514
6514
6514
6514
6514
6514
6514
6514
6514
6514
*** on diversifie ***
18746
6514
6514
6514
6514
6514
6514
6514
6514
6514
6514
6514
*** on diversifie ***
18746
6514
6514
6514
6514
temps de calcul = 25.006250972480693 ( 210 ) ite
**************************
[[2, 19, 1, 4, 8, 10, 3, 0, 5, 12, 6, 17, 13, 7, 18, 15, 16, 11, 14, 9], [[19, 2], [1], [4, 8, 10], [3, 0], [12, 5], [6, 17], [13, 7], [15, 18], [11, 16], [9, 14]]] 6514
**************************
6514	25.006250972480693 s	210 iterations
